  0.0900     3.13451368
  0.0901     3.01805085
  0.0903     2.90285663
  0.0904     2.78891970
  0.0906     2.67622886
  0.0907     2.56477297
  0.0909     2.45454102
  0.0910     2.34552207
  0.0912     2.23770527
  0.0913     2.13107986
  0.0915     2.02563519
  0.0916     1.92136067
  0.0918     1.81824581
  0.0919     1.71628021
  0.0921     1.61545356
  0.0922     1.51575562
  0.0924     1.41717624
  0.0925     1.31970538
  0.0927     1.22333305
  0.0928     1.12804935
  0.0930     1.03384448
  0.0931     0.94070870
  0.0932     0.84863237
  0.0934     0.75760591
  0.0935     0.66761985
  0.0937     0.57866476
  0.0938     0.49073132
  0.0940     0.40381028
  0.0941     0.31789245
  0.0943     0.23296875
  0.0944     0.14903013
  0.0946     0.06606767
  0.0947    -0.01592752
  0.0949    -0.09696424
  0.0950    -0.17705120
  0.0952    -0.25619707
  0.0953    -0.33441043
  0.0955    -0.41169977
  0.0956    -0.48807355
  0.0958    -0.56354012
  0.0959    -0.63810779
  0.0960    -0.71178478
  0.0962    -0.78457924
  0.0963    -0.85649928
  0.0965    -0.92755290
  0.0966    -0.99774807
  0.0968    -1.06709267
  0.0969    -1.13559453
  0.0971    -1.20326139
  0.0972    -1.27010096
  0.0974    -1.33612085
  0.0975    -1.40132864
  0.0977    -1.46573181
  0.0978    -1.52933781
  0.0980    -1.59215400
  0.0981    -1.65418770
  0.0983    -1.71544616
  0.0984    -1.77593656
  0.0986    -1.83566604
  0.0987    -1.89464166
  0.0989    -1.95287043
  0.0990    -2.01035929
  0.0991    -2.06711515
  0.0993    -2.12314483
  0.0994    -2.17845510
  0.0996    -2.23305269
  0.0997    -2.28694425
  0.0999    -2.34013638
  0.1000    -2.39263565
  0.1002    -2.44444854
  0.1003    -2.49558148
  0.1005    -2.54604087
  0.1006    -2.59583303
  0.1008    -2.64496424
  0.1009    -2.69344073
  0.1011    -2.74126865
  0.1012    -2.78845413
  0.1014    -2.83500325
  0.1015    -2.88092200
  0.1017    -2.92621636
  0.1018    -2.97089223
  0.1020    -3.01495549
  0.1021    -3.05841194
  0.1022    -3.10126734
  0.1024    -3.14352742
  0.1025    -3.18519784
  0.1027    -3.22628421
  0.1028    -3.26679211
  0.1030    -3.30672706
  0.1031    -3.34609454
  0.1033    -3.38489996
  0.1034    -3.42314872
  0.1036    -3.46084615
  0.1037    -3.49799755
  0.1039    -3.53460816
  0.1040    -3.57068317
  0.1042    -3.60622776
  0.1043    -3.64124702
  0.1045    -3.67574604
  0.1046    -3.70972982
  0.1048    -3.74320337
  0.1049    -3.77617162
  0.1050    -3.80863945
  0.1052    -3.84061175
  0.1053    -3.87209330
  0.1055    -3.90308890
  0.1056    -3.93360326
  0.1058    -3.96364109
  0.1059    -3.99320703
  0.1061    -4.02230569
  0.1062    -4.05094165
  0.1064    -4.07911943
  0.1065    -4.10684354
  0.1067    -4.13411842
  0.1068    -4.16094849
  0.1070    -4.18733814
  0.1071    -4.21329169
  0.1073    -4.23881346
  0.1074    -4.26390771
  0.1076    -4.28857866
  0.1077    -4.31283052
  0.1079    -4.33666744
  0.1080    -4.36009353
  0.1081    -4.38311289
  0.1083    -4.40572956
  0.1084    -4.42794756
  0.1086    -4.44977087
  0.1087    -4.47120344
  0.1089    -4.49224916
  0.1090    -4.51291193
  0.1092    -4.53319559
  0.1093    -4.55310394
  0.1095    -4.57264077
  0.1096    -4.59180982
  0.1098    -4.61061479
  0.1099    -4.62905938
  0.1101    -4.64714722
  0.1102    -4.66488194
  0.1104    -4.68226712
  0.1105    -4.69930631
  0.1107    -4.71600304
  0.1108    -4.73236079
  0.1110    -4.74838303
  0.1111    -4.76407319
  0.1112    -4.77943467
  0.1114    -4.79447084
  0.1115    -4.80918504
  0.1117    -4.82358059
  0.1118    -4.83766077
  0.1120    -4.85142884
  0.1121    -4.86488801
  0.1123    -4.87804150
  0.1124    -4.89089246
  0.1126    -4.90344405
  0.1127    -4.91569937
  0.1129    -4.92766152
  0.1130    -4.93933355
  0.1132    -4.95071850
  0.1133    -4.96181938
  0.1135    -4.97263916
  0.1136    -4.98318080
  0.1138    -4.99344722
  0.1139    -5.00344134
  0.1141    -5.01316602
  0.1142    -5.02262412
  0.1143    -5.03181846
  0.1145    -5.04075184
  0.1146    -5.04942705
  0.1148    -5.05784683
  0.1149    -5.06601390
  0.1151    -5.07393098
  0.1152    -5.08160074
  0.1154    -5.08902584
  0.1155    -5.09620891
  0.1157    -5.10315256
  0.1158    -5.10985937
  0.1160    -5.11633190
  0.1161    -5.12257271
  0.1163    -5.12858429
  0.1164    -5.13436915
  0.1166    -5.13992976
  0.1167    -5.14526857
  0.1169    -5.15038801
  0.1170    -5.15529049
  0.1171    -5.15997838
  0.1173    -5.16445406
  0.1174    -5.16871987
  0.1176    -5.17277812
  0.1177    -5.17663113
  0.1179    -5.18028116
  0.1180    -5.18373049
  0.1182    -5.18698135
  0.1183    -5.19003596
  0.1185    -5.19289652
  0.1186    -5.19556521
  0.1188    -5.19804418
  0.1189    -5.20033559
  0.1191    -5.20244155
  0.1192    -5.20436417
  0.1194    -5.20610553
  0.1195    -5.20766768
  0.1197    -5.20905269
  0.1198    -5.21026257
  0.1200    -5.21129934
  0.1201    -5.21216498
  0.1202    -5.21286148
  0.1204    -5.21339078
  0.1205    -5.21375482
  0.1207    -5.21395552
  0.1208    -5.21399478
  0.1210    -5.21387450
  0.1211    -5.21359653
  0.1213    -5.21316272
  0.1214    -5.21257492
  0.1216    -5.21183493
  0.1217    -5.21094457
  0.1219    -5.20990561
  0.1220    -5.20871981
  0.1222    -5.20738894
  0.1223    -5.20591473
  0.1225    -5.20429890
  0.1226    -5.20254315
  0.1228    -5.20064916
  0.1229    -5.19861862
  0.1231    -5.19645319
  0.1232    -5.19415449
  0.1233    -5.19172416
  0.1235    -5.18916381
  0.1236    -5.18647505
  0.1238    -5.18365944
  0.1239    -5.18071856
  0.1241    -5.17765397
  0.1242    -5.17446719
  0.1244    -5.17115976
  0.1245    -5.16773319
  0.1247    -5.16418897
  0.1248    -5.16052859
  0.1250    -5.15675351
  0.1251    -5.15286519
  0.1253    -5.14886508
  0.1254    -5.14475459
  0.1256    -5.14053515
  0.1257    -5.13620815
  0.1259    -5.13177499
  0.1260    -5.12723704
  0.1261    -5.12259566
  0.1263    -5.11785221
  0.1264    -5.11300802
  0.1266    -5.10806441
  0.1267    -5.10302270
  0.1269    -5.09788419
  0.1270    -5.09265016
  0.1272    -5.08732190
  0.1273    -5.08190066
  0.1275    -5.07638770
  0.1276    -5.07078425
  0.1278    -5.06509155
  0.1279    -5.05931081
  0.1281    -5.05344324
  0.1282    -5.04749002
  0.1284    -5.04145235
  0.1285    -5.03533139
  0.1287    -5.02912831
  0.1288    -5.02284424
  0.1290    -5.01648034
  0.1291    -5.01003772
  0.1292    -5.00351750
  0.1294    -4.99692080
  0.1295    -4.99024869
  0.1297    -4.98350227
  0.1298    -4.97668262
  0.1300    -4.96979079
  0.1301    -4.96282784
  0.1303    -4.95579481
  0.1304    -4.94869274
  0.1306    -4.94152265
  0.1307    -4.93428554
  0.1309    -4.92698244
  0.1310    -4.91961433
  0.1312    -4.91218219
  0.1313    -4.90468700
  0.1315    -4.89712972
  0.1316    -4.88951132
  0.1318    -4.88183273
  0.1319    -4.87409490
  0.1321    -4.86629875
  0.1322    -4.85844521
  0.1323    -4.85053518
  0.1325    -4.84256956
  0.1326    -4.83454925
  0.1328    -4.82647512
  0.1329    -4.81834807
  0.1331    -4.81016894
  0.1332    -4.80193861
  0.1334    -4.79365791
  0.1335    -4.78532769
  0.1337    -4.77694879
  0.1338    -4.76852202
  0.1340    -4.76004821
  0.1341    -4.75152816
  0.1343    -4.74296267
  0.1344    -4.73435254
  0.1346    -4.72569854
  0.1347    -4.71700146
  0.1349    -4.70826207
  0.1350    -4.69948112
  0.1351    -4.69065936
  0.1353    -4.68179755
  0.1354    -4.67289643
  0.1356    -4.66395672
  0.1357    -4.65497914
  0.1359    -4.64596442
  0.1360    -4.63691326
  0.1362    -4.62782637
  0.1363    -4.61870443
  0.1365    -4.60954814
  0.1366    -4.60035818
  0.1368    -4.59113522
  0.1369    -4.58187993
  0.1371    -4.57259297
  0.1372    -4.56327499
  0.1374    -4.55392664
  0.1375    -4.54454856
  0.1377    -4.53514138
  0.1378    -4.52570573
  0.1380    -4.51624223
  0.1381    -4.50675150
  0.1382    -4.49723413
  0.1384    -4.48769074
  0.1385    -4.47812192
  0.1387    -4.46852826
  0.1388    -4.45891033
  0.1390    -4.44926873
  0.1391    -4.43960401
  0.1393    -4.42991674
  0.1394    -4.42020749
  0.1396    -4.41047681
  0.1397    -4.40072523
  0.1399    -4.39095331
  0.1400    -4.38116159
  0.1402    -4.37135058
  0.1403    -4.36152082
  0.1405    -4.35167282
  0.1406    -4.34180710
  0.1408    -4.33192416
  0.1409    -4.32202452
  0.1411    -4.31210866
  0.1412    -4.30217707
  0.1413    -4.29223026
  0.1415    -4.28226868
  0.1416    -4.27229284
  0.1418    -4.26230318
  0.1419    -4.25230018
  0.1421    -4.24228431
  0.1422    -4.23225601
  0.1424    -4.22221574
  0.1425    -4.21216395
  0.1427    -4.20210107
  0.1428    -4.19202754
  0.1430    -4.18194379
  0.1431    -4.17185026
  0.1433    -4.16174736
  0.1434    -4.15163551
  0.1436    -4.14151513
  0.1437    -4.13138662
  0.1439    -4.12125038
  0.1440    -4.11110682
  0.1442    -4.10095633
  0.1443    -4.09079931
  0.1444    -4.08063613
  0.1446    -4.07046718
  0.1447    -4.06029284
  0.1449    -4.05011349
  0.1450    -4.03992948
  0.1452    -4.02974119
  0.1453    -4.01954897
  0.1455    -4.00935319
  0.1456    -3.99915420
  0.1458    -3.98895233
  0.1459    -3.97874795
  0.1461    -3.96854139
  0.1462    -3.95833299
  0.1464    -3.94812308
  0.1465    -3.93791198
  0.1467    -3.92770004
  0.1468    -3.91748756
  0.1470    -3.90727486
  0.1471    -3.89706226
  0.1472    -3.88685007
  0.1474    -3.87663860
  0.1475    -3.86642814
  0.1477    -3.85621900
  0.1478    -3.84601148
  0.1480    -3.83580587
  0.1481    -3.82560245
  0.1483    -3.81540152
  0.1484    -3.80520334
  0.1486    -3.79500822
  0.1487    -3.78481641
  0.1489    -3.77462819
  0.1490    -3.76444383
  0.1492    -3.75426360
  0.1493    -3.74408775
  0.1495    -3.73391655
  0.1496    -3.72375026
  0.1498    -3.71358912
  0.1499    -3.70343339
  0.1501    -3.69328331
  0.1502    -3.68313913
  0.1503    -3.67300108
  0.1505    -3.66286941
  0.1506    -3.65274435
  0.1508    -3.64262613
  0.1509    -3.63251497
  0.1511    -3.62241112
  0.1512    -3.61231478
  0.1514    -3.60222618
  0.1515    -3.59214554
  0.1517    -3.58207307
  0.1518    -3.57200899
  0.1520    -3.56195349
  0.1521    -3.55190679
  0.1523    -3.54186910
  0.1524    -3.53184061
  0.1526    -3.52182152
  0.1527    -3.51181203
  0.1529    -3.50181233
  0.1530    -3.49182261
  0.1532    -3.48184306
  0.1533    -3.47187386
  0.1534    -3.46191521
  0.1536    -3.45196727
  0.1537    -3.44203024
  0.1539    -3.43210427
  0.1540    -3.42218955
  0.1542    -3.41228626
  0.1543    -3.40239455
  0.1545    -3.39251459
  0.1546    -3.38264655
  0.1548    -3.37279059
  0.1549    -3.36294686
  0.1551    -3.35311554
  0.1552    -3.34329677
  0.1554    -3.33349070
  0.1555    -3.32369748
  0.1557    -3.31391727
  0.1558    -3.30415021
  0.1560    -3.29439645
  0.1561    -3.28465612
  0.1562    -3.27492937
  0.1564    -3.26521634
  0.1565    -3.25551716
  0.1567    -3.24583196
  0.1568    -3.23616088
  0.1570    -3.22650405
  0.1571    -3.21686159
  0.1573    -3.20723364
  0.1574    -3.19762031
  0.1576    -3.18802174
  0.1577    -3.17843803
  0.1579    -3.16886931
  0.1580    -3.15931570
  0.1582    -3.14977730
  0.1583    -3.14025424
  0.1585    -3.13074663
  0.1586    -3.12125457
  0.1588    -3.11177817
  0.1589    -3.10231754
  0.1591    -3.09287279
  0.1592    -3.08344401
  0.1593    -3.07403131
  0.1595    -3.06463478
  0.1596    -3.05525453
  0.1598    -3.04589064
  0.1599    -3.03654323
  0.1601    -3.02721237
  0.1602    -3.01789815
  0.1604    -3.00860068
  0.1605    -2.99932003
  0.1607    -2.99005630
  0.1608    -2.98080956
  0.1610    -2.97157991
  0.1611    -2.96236742
  0.1613    -2.95317217
  0.1614    -2.94399424
  0.1616    -2.93483372
  0.1617    -2.92569068
  0.1619    -2.91656518
  0.1620    -2.90745732
  0.1622    -2.89836715
  0.1623    -2.88929474
  0.1624    -2.88024018
  0.1626    -2.87120352
  0.1627    -2.86218483
  0.1629    -2.85318418
  0.1630    -2.84420162
  0.1632    -2.83523724
  0.1633    -2.82629107
  0.1635    -2.81736319
  0.1636    -2.80845366
  0.1638    -2.79956252
  0.1639    -2.79068985
  0.1641    -2.78183568
  0.1642    -2.77300008
  0.1644    -2.76418310
  0.1645    -2.75538479
  0.1647    -2.74660521
  0.1648    -2.73784439
  0.1650    -2.72910239
  0.1651    -2.72037925
  0.1652    -2.71167503
  0.1654    -2.70298976
  0.1655    -2.69432348
  0.1657    -2.68567625
  0.1658    -2.67704811
  0.1660    -2.66843908
  0.1661    -2.65984922
  0.1663    -2.65127856
  0.1664    -2.64272713
  0.1666    -2.63419498
  0.1667    -2.62568214
  0.1669    -2.61718864
  0.1670    -2.60871452
  0.1672    -2.60025981
  0.1673    -2.59182453
  0.1675    -2.58340873
  0.1676    -2.57501242
  0.1678    -2.56663564
  0.1679    -2.55827842
  0.1681    -2.54994078
  0.1682    -2.54162275
  0.1683    -2.53332434
  0.1685    -2.52504560
  0.1686    -2.51678653
  0.1688    -2.50854716
  0.1689    -2.50032752
  0.1691    -2.49212762
  0.1692    -2.48394748
  0.1694    -2.47578712
  0.1695    -2.46764656
  0.1697    -2.45952581
  0.1698    -2.45142490
  0.1700    -2.44334383
  0.1701    -2.43528263
  0.1703    -2.42724130
  0.1704    -2.41921986
  0.1706    -2.41121832
  0.1707    -2.40323670
  0.1709    -2.39527499
  0.1710    -2.38733323
  0.1712    -2.37941141
  0.1713    -2.37150953
  0.1714    -2.36362762
  0.1716    -2.35576568
  0.1717    -2.34792371
  0.1719    -2.34010172
  0.1720    -2.33229972
  0.1722    -2.32451771
  0.1723    -2.31675569
  0.1725    -2.30901367
  0.1726    -2.30129164
  0.1728    -2.29358962
  0.1729    -2.28590760
  0.1731    -2.27824559
  0.1732    -2.27060358
  0.1734    -2.26298157
  0.1735    -2.25537956
  0.1737    -2.24779756
  0.1738    -2.24023555
  0.1740    -2.23269353
  0.1741    -2.22517151
  0.1743    -2.21766948
  0.1744    -2.21018743
  0.1745    -2.20272535
  0.1747    -2.19528325
  0.1748    -2.18786112
  0.1750    -2.18045894
  0.1751    -2.17307672
  0.1753    -2.16571443
  0.1754    -2.15837209
  0.1756    -2.15104967
  0.1757    -2.14374717
  0.1759    -2.13646457
  0.1760    -2.12920187
  0.1762    -2.12195906
  0.1763    -2.11473612
  0.1765    -2.10753305
  0.1766    -2.10034982
  0.1768    -2.09318643
  0.1769    -2.08604287
  0.1771    -2.07891912
  0.1772    -2.07181517
  0.1773    -2.06473099
  0.1775    -2.05766659
  0.1776    -2.05062194
  0.1778    -2.04359702
  0.1779    -2.03659182
  0.1781    -2.02960633
  0.1782    -2.02264052
  0.1784    -2.01569438
  0.1785    -2.00876789
  0.1787    -2.00186104
  0.1788    -1.99497380
  0.1790    -1.98810615
  0.1791    -1.98125808
  0.1793    -1.97442957
  0.1794    -1.96762059
  0.1796    -1.96083112
  0.1797    -1.95406115
  0.1799    -1.94731066
  0.1800    -1.94057961
  0.1802    -1.93386800
  0.1803    -1.92717579
  0.1804    -1.92050297
  0.1806    -1.91384951
  0.1807    -1.90721539
  0.1809    -1.90060058
  0.1810    -1.89400507
  0.1812    -1.88742882
  0.1813    -1.88087181
  0.1815    -1.87433403
  0.1816    -1.86781544
  0.1818    -1.86131601
  0.1819    -1.85483573
  0.1821    -1.84837456
  0.1822    -1.84193249
  0.1824    -1.83550947
  0.1825    -1.82910550
  0.1827    -1.82272053
  0.1828    -1.81635455
  0.1830    -1.81000752
  0.1831    -1.80367942
  0.1833    -1.79737022
  0.1834    -1.79107989
  0.1835    -1.78480840
  0.1837    -1.77855572
  0.1838    -1.77232183
  0.1840    -1.76610670
  0.1841    -1.75991029
  0.1843    -1.75373257
  0.1844    -1.74757353
  0.1846    -1.74143311
  0.1847    -1.73531131
  0.1849    -1.72920808
  0.1850    -1.72312339
  0.1852    -1.71705722
  0.1853    -1.71100953
  0.1855    -1.70498029
  0.1856    -1.69896946
  0.1858    -1.69297703
  0.1859    -1.68700295
  0.1861    -1.68104720
  0.1862    -1.67510973
  0.1863    -1.66919052
  0.1865    -1.66328954
  0.1866    -1.65740675
  0.1868    -1.65154212
  0.1869    -1.64569562
  0.1871    -1.63986721
  0.1872    -1.63405686
  0.1874    -1.62826453
  0.1875    -1.62249020
  0.1877    -1.61673382
  0.1878    -1.61099537
  0.1880    -1.60527481
  0.1881    -1.59957210
  0.1883    -1.59388721
  0.1884    -1.58822011
  0.1886    -1.58257076
  0.1887    -1.57693913
  0.1889    -1.57132517
  0.1890    -1.56572886
  0.1892    -1.56015016
  0.1893    -1.55458903
  0.1894    -1.54904545
  0.1896    -1.54351936
  0.1897    -1.53801075
  0.1899    -1.53251956
  0.1900    -1.52704577
  0.1902    -1.52158934
  0.1903    -1.51615023
  0.1905    -1.51072840
  0.1906    -1.50532383
  0.1908    -1.49993646
  0.1909    -1.49456628
  0.1911    -1.48921323
  0.1912    -1.48387729
  0.1914    -1.47855841
  0.1915    -1.47325656
  0.1917    -1.46797170
  0.1918    -1.46270379
  0.1920    -1.45745280
  0.1921    -1.45221869
  0.1923    -1.44700142
  0.1924    -1.44180096
  0.1925    -1.43661726
  0.1927    -1.43145029
  0.1928    -1.42630001
  0.1930    -1.42116638
  0.1931    -1.41604937
  0.1933    -1.41094894
  0.1934    -1.40586504
  0.1936    -1.40079765
  0.1937    -1.39574672
  0.1939    -1.39071221
  0.1940    -1.38569409
  0.1942    -1.38069232
  0.1943    -1.37570686
  0.1945    -1.37073766
  0.1946    -1.36578470
  0.1948    -1.36084794
  0.1949    -1.35592733
  0.1951    -1.35102284
  0.1952    -1.34613442
  0.1953    -1.34126205
  0.1955    -1.33640567
  0.1956    -1.33156526
  0.1958    -1.32674077
  0.1959    -1.32193216
  0.1961    -1.31713941
  0.1962    -1.31236245
  0.1964    -1.30760127
  0.1965    -1.30285581
  0.1967    -1.29812605
  0.1968    -1.29341193
  0.1970    -1.28871343
  0.1971    -1.28403050
  0.1973    -1.27936310
  0.1974    -1.27471120
  0.1976    -1.27007475
  0.1977    -1.26545372
  0.1979    -1.26084807
  0.1980    -1.25625775
  0.1982    -1.25168274
  0.1983    -1.24712298
  0.1984    -1.24257845
  0.1986    -1.23804909
  0.1987    -1.23353488
  0.1989    -1.22903578
  0.1990    -1.22455173
  0.1992    -1.22008271
  0.1993    -1.21562868
  0.1995    -1.21118959
  0.1996    -1.20676541
  0.1998    -1.20235610
  0.1999    -1.19796162
  0.2001    -1.19358193
  0.2002    -1.18921699
  0.2004    -1.18486676
  0.2005    -1.18053120
  0.2007    -1.17621028
  0.2008    -1.17190395
  0.2010    -1.16761217
  0.2011    -1.16333491
  0.2013    -1.15907213
  0.2014    -1.15482379
  0.2015    -1.15058984
  0.2017    -1.14637025
  0.2018    -1.14216499
  0.2020    -1.13797400
  0.2021    -1.13379726
  0.2023    -1.12963473
  0.2024    -1.12548635
  0.2026    -1.12135211
  0.2027    -1.11723195
  0.2029    -1.11312583
  0.2030    -1.10903373
  0.2032    -1.10495560
  0.2033    -1.10089140
  0.2035    -1.09684109
  0.2036    -1.09280464
  0.2038    -1.08878200
  0.2039    -1.08477314
  0.2041    -1.08077801
  0.2042    -1.07679659
  0.2044    -1.07282883
  0.2045    -1.06887469
  0.2046    -1.06493413
  0.2048    -1.06100712
  0.2049    -1.05709362
  0.2051    -1.05319358
  0.2052    -1.04930698
  0.2054    -1.04543376
  0.2055    -1.04157390
  0.2057    -1.03772736
  0.2058    -1.03389409
  0.2060    -1.03007406
  0.2061    -1.02626724
  0.2063    -1.02247357
  0.2064    -1.01869303
  0.2066    -1.01492558
  0.2067    -1.01117118
  0.2069    -1.00742978
  0.2070    -1.00370136
  0.2072    -0.99998588
  0.2073    -0.99628329
  0.2074    -0.99259357
  0.2076    -0.98891666
  0.2077    -0.98525254
  0.2079    -0.98160117
  0.2080    -0.97796250
  0.2082    -0.97433651
  0.2083    -0.97072315
  0.2085    -0.96712239
  0.2086    -0.96353419
  0.2088    -0.95995852
  0.2089    -0.95639532
  0.2091    -0.95284458
  0.2092    -0.94930625
  0.2094    -0.94578029
  0.2095    -0.94226667
  0.2097    -0.93876535
  0.2098    -0.93527629
  0.2100    -0.93179946
  0.2101    -0.92833482
  0.2103    -0.92488233
  0.2104    -0.92144196
  0.2105    -0.91801367
  0.2107    -0.91459742
  0.2108    -0.91119318
  0.2110    -0.90780091
  0.2111    -0.90442057
  0.2113    -0.90105213
  0.2114    -0.89769555
  0.2116    -0.89435080
  0.2117    -0.89101784
  0.2119    -0.88769663
  0.2120    -0.88438714
  0.2122    -0.88108933
  0.2123    -0.87780316
  0.2125    -0.87452861
  0.2126    -0.87126563
  0.2128    -0.86801418
  0.2129    -0.86477424
  0.2131    -0.86154577
  0.2132    -0.85832873
  0.2134    -0.85512308
  0.2135    -0.85192880
  0.2136    -0.84874584
  0.2138    -0.84557417
  0.2139    -0.84241376
  0.2141    -0.83926457
  0.2142    -0.83612656
  0.2144    -0.83299970
  0.2145    -0.82988396
  0.2147    -0.82677930
  0.2148    -0.82368569
  0.2150    -0.82060309
  0.2151    -0.81753146
  0.2153    -0.81447078
  0.2154    -0.81142100
  0.2156    -0.80838210
  0.2157    -0.80535403
  0.2159    -0.80233677
  0.2160    -0.79933029
  0.2162    -0.79633453
  0.2163    -0.79334949
  0.2164    -0.79037510
  0.2166    -0.78741136
  0.2167    -0.78445821
  0.2169    -0.78151564
  0.2170    -0.77858359
  0.2172    -0.77566205
  0.2173    -0.77275097
  0.2175    -0.76985032
  0.2176    -0.76696008
  0.2178    -0.76408020
  0.2179    -0.76121065
  0.2181    -0.75835140
  0.2182    -0.75550242
  0.2184    -0.75266367
  0.2185    -0.74983513
  0.2187    -0.74701675
  0.2188    -0.74420851
  0.2190    -0.74141036
  0.2191    -0.73862229
  0.2193    -0.73584426
  0.2194    -0.73307623
  0.2195    -0.73031817
  0.2197    -0.72757005
  0.2198    -0.72483184
  0.2200    -0.72210350
  0.2201    -0.71938501
  0.2203    -0.71667633
  0.2204    -0.71397743
  0.2206    -0.71128827
  0.2207    -0.70860883
  0.2209    -0.70593908
  0.2210    -0.70327897
  0.2212    -0.70062849
  0.2213    -0.69798760
  0.2215    -0.69535626
  0.2216    -0.69273445
  0.2218    -0.69012213
  0.2219    -0.68751928
  0.2221    -0.68492586
  0.2222    -0.68234184
  0.2224    -0.67976719
  0.2225    -0.67720188
  0.2226    -0.67464588
  0.2228    -0.67209915
  0.2229    -0.66956167
  0.2231    -0.66703341
  0.2232    -0.66451434
  0.2234    -0.66200442
  0.2235    -0.65950363
  0.2237    -0.65701193
  0.2238    -0.65452929
  0.2240    -0.65205569
  0.2241    -0.64959110
  0.2243    -0.64713548
  0.2244    -0.64468880
  0.2246    -0.64225104
  0.2247    -0.63982216
  0.2249    -0.63740214
  0.2250    -0.63499094
  0.2252    -0.63258854
  0.2253    -0.63019490
  0.2254    -0.62781000
  0.2256    -0.62543381
  0.2257    -0.62306630
  0.2259    -0.62070744
  0.2260    -0.61835720
  0.2262    -0.61601555
  0.2263    -0.61368246
  0.2265    -0.61135790
  0.2266    -0.60904185
  0.2268    -0.60673428
  0.2269    -0.60443515
  0.2271    -0.60214444
  0.2272    -0.59986213
  0.2274    -0.59758817
  0.2275    -0.59532255
  0.2277    -0.59306523
  0.2278    -0.59081620
  0.2280    -0.58857541
  0.2281    -0.58634284
  0.2283    -0.58411846
  0.2284    -0.58190225
  0.2285    -0.57969418
  0.2287    -0.57749422
  0.2288    -0.57530234
  0.2290    -0.57311851
  0.2291    -0.57094271
  0.2293    -0.56877492
  0.2294    -0.56661509
  0.2296    -0.56446321
  0.2297    -0.56231925
  0.2299    -0.56018318
  0.2300    -0.55805497
  0.2302    -0.55593460
  0.2303    -0.55382204
  0.2305    -0.55171727
  0.2306    -0.54962025
  0.2308    -0.54753096
  0.2309    -0.54544937
  0.2311    -0.54337547
  0.2312    -0.54130921
  0.2314    -0.53925057
  0.2315    -0.53719954
  0.2316    -0.53515608
  0.2318    -0.53312016
  0.2319    -0.53109176
  0.2321    -0.52907086
  0.2322    -0.52705742
  0.2324    -0.52505142
  0.2325    -0.52305285
  0.2327    -0.52106166
  0.2328    -0.51907784
  0.2330    -0.51710135
  0.2331    -0.51513218
  0.2333    -0.51317030
  0.2334    -0.51121569
  0.2336    -0.50926831
  0.2337    -0.50732814
  0.2339    -0.50539516
  0.2340    -0.50346935
  0.2342    -0.50155067
  0.2343    -0.49963911
  0.2345    -0.49773463
  0.2346    -0.49583722
  0.2347    -0.49394685
  0.2349    -0.49206349
  0.2350    -0.49018712
  0.2352    -0.48831772
  0.2353    -0.48645526
  0.2355    -0.48459971
  0.2356    -0.48275106
  0.2358    -0.48090928
  0.2359    -0.47907434
  0.2361    -0.47724622
  0.2362    -0.47542490
  0.2364    -0.47361035
  0.2365    -0.47180256
  0.2367    -0.47000148
  0.2368    -0.46820711
  0.2370    -0.46641942
  0.2371    -0.46463838
  0.2373    -0.46286397
  0.2374    -0.46109617
  0.2375    -0.45933496
  0.2377    -0.45758031
  0.2378    -0.45583219
  0.2380    -0.45409059
  0.2381    -0.45235549
  0.2383    -0.45062685
  0.2384    -0.44890466
  0.2386    -0.44718889
  0.2387    -0.44547953
  0.2389    -0.44377654
  0.2390    -0.44207991
  0.2392    -0.44038961
  0.2393    -0.43870563
  0.2395    -0.43702793
  0.2396    -0.43535650
  0.2398    -0.43369131
  0.2399    -0.43203235
  0.2401    -0.43037958
  0.2402    -0.42873299
  0.2404    -0.42709256
  0.2405    -0.42545827
  0.2406    -0.42383008
  0.2408    -0.42220799
  0.2409    -0.42059197
  0.2411    -0.41898199
  0.2412    -0.41737804
  0.2414    -0.41578009
  0.2415    -0.41418813
  0.2417    -0.41260213
  0.2418    -0.41102207
  0.2420    -0.40944792
  0.2421    -0.40787968
  0.2423    -0.40631731
  0.2424    -0.40476080
  0.2426    -0.40321013
  0.2427    -0.40166527
  0.2429    -0.40012620
  0.2430    -0.39859290
  0.2432    -0.39706536
  0.2433    -0.39554355
  0.2435    -0.39402745
  0.2436    -0.39251704
  0.2437    -0.39101230
  0.2439    -0.38951321
  0.2440    -0.38801974
  0.2442    -0.38653189
  0.2443    -0.38504963
  0.2445    -0.38357294
  0.2446    -0.38210179
  0.2448    -0.38063618
  0.2449    -0.37917607
  0.2451    -0.37772146
  0.2452    -0.37627231
  0.2454    -0.37482861
  0.2455    -0.37339035
  0.2457    -0.37195749
  0.2458    -0.37053003
  0.2460    -0.36910794
  0.2461    -0.36769120
  0.2463    -0.36627979
  0.2464    -0.36487370
  0.2465    -0.36347290
  0.2467    -0.36207738
  0.2468    -0.36068711
  0.2470    -0.35930208
  0.2471    -0.35792227
  0.2473    -0.35654766
  0.2474    -0.35517824
  0.2476    -0.35381397
  0.2477    -0.35245485
  0.2479    -0.35110085
  0.2480    -0.34975196
  0.2482    -0.34840816
  0.2483    -0.34706942
  0.2485    -0.34573574
  0.2486    -0.34440709
  0.2488    -0.34308345
  0.2489    -0.34176481
  0.2491    -0.34045115
  0.2492    -0.33914245
  0.2494    -0.33783869
  0.2495    -0.33653986
  0.2496    -0.33524593
  0.2498    -0.33395689
  0.2499    -0.33267272
  0.2501    -0.33139340
  0.2502    -0.33011892
  0.2504    -0.32884925
  0.2505    -0.32758439
  0.2507    -0.32632431
  0.2508    -0.32506899
  0.2510    -0.32381842
  0.2511    -0.32257258
  0.2513    -0.32133146
  0.2514    -0.32009503
  0.2516    -0.31886328
  0.2517    -0.31763619
  0.2519    -0.31641375
  0.2520    -0.31519593
  0.2522    -0.31398273
  0.2523    -0.31277411
  0.2525    -0.31157008
  0.2526    -0.31037061
  0.2527    -0.30917568
  0.2529    -0.30798527
  0.2530    -0.30679938
  0.2532    -0.30561798
  0.2533    -0.30444106
  0.2535    -0.30326860
  0.2536    -0.30210059
  0.2538    -0.30093700
  0.2539    -0.29977783
  0.2541    -0.29862305
  0.2542    -0.29747266
  0.2544    -0.29632662
  0.2545    -0.29518494
  0.2547    -0.29404758
  0.2548    -0.29291455
  0.2550    -0.29178581
  0.2551    -0.29066136
  0.2553    -0.28954117
  0.2554    -0.28842524
  0.2555    -0.28731355
  0.2557    -0.28620608
  0.2558    -0.28510281
  0.2560    -0.28400374
  0.2561    -0.28290884
  0.2563    -0.28181810
  0.2564    -0.28073150
  0.2566    -0.27964904
  0.2567    -0.27857068
  0.2569    -0.27749643
  0.2570    -0.27642626
  0.2572    -0.27536016
  0.2573    -0.27429812
  0.2575    -0.27324011
  0.2576    -0.27218613
  0.2578    -0.27113615
  0.2579    -0.27009017
  0.2581    -0.26904817
  0.2582    -0.26801014
  0.2584    -0.26697605
  0.2585    -0.26594590
  0.2586    -0.26491967
  0.2588    -0.26389735
  0.2589    -0.26287892
  0.2591    -0.26186436
  0.2592    -0.26085368
  0.2594    -0.25984684
  0.2595    -0.25884383
  0.2597    -0.25784464
  0.2598    -0.25684927
  0.2600    -0.25585768
  0.2601    -0.25486987
  0.2603    -0.25388583
  0.2604    -0.25290553
  0.2606    -0.25192898
  0.2607    -0.25095614
  0.2609    -0.24998702
  0.2610    -0.24902159
  0.2612    -0.24805984
  0.2613    -0.24710176
  0.2615    -0.24614733
  0.2616    -0.24519654
  0.2617    -0.24424938
  0.2619    -0.24330583
  0.2620    -0.24236589
  0.2622    -0.24142953
  0.2623    -0.24049674
  0.2625    -0.23956751
  0.2626    -0.23864183
  0.2628    -0.23771968
  0.2629    -0.23680106
  0.2631    -0.23588594
  0.2632    -0.23497431
  0.2634    -0.23406617
  0.2635    -0.23316149
  0.2637    -0.23226027
  0.2638    -0.23136250
  0.2640    -0.23046815
  0.2641    -0.22957722
  0.2643    -0.22868969
  0.2644    -0.22780556
  0.2646    -0.22692480
  0.2647    -0.22604741
  0.2648    -0.22517337
  0.2650    -0.22430268
  0.2651    -0.22343531
  0.2653    -0.22257126
  0.2654    -0.22171052
  0.2656    -0.22085306
  0.2657    -0.21999888
  0.2659    -0.21914798
  0.2660    -0.21830032
  0.2662    -0.21745591
  0.2663    -0.21661473
  0.2665    -0.21577677
  0.2666    -0.21494201
  0.2668    -0.21411045
  0.2669    -0.21328207
  0.2671    -0.21245686
  0.2672    -0.21163481
  0.2674    -0.21081591
  0.2675    -0.21000014
  0.2676    -0.20918750
  0.2678    -0.20837796
  0.2679    -0.20757153
  0.2681    -0.20676819
  0.2682    -0.20596792
  0.2684    -0.20517072
  0.2685    -0.20437657
  0.2687    -0.20358546
  0.2688    -0.20279739
  0.2690    -0.20201233
  0.2691    -0.20123028
  0.2693    -0.20045123
  0.2694    -0.19967517
  0.2696    -0.19890208
  0.2697    -0.19813195
  0.2699    -0.19736477
  0.2700    -0.19660054
  0.2702    -0.19583924
  0.2703    -0.19508085
  0.2705    -0.19432538
  0.2706    -0.19357280
  0.2707    -0.19282310
  0.2709    -0.19207629
  0.2710    -0.19133233
  0.2712    -0.19059123
  0.2713    -0.18985298
  0.2715    -0.18911756
  0.2716    -0.18838495
  0.2718    -0.18765516
  0.2719    -0.18692818
  0.2721    -0.18620398
  0.2722    -0.18548256
  0.2724    -0.18476391
  0.2725    -0.18404801
  0.2727    -0.18333487
  0.2728    -0.18262446
  0.2730    -0.18191679
  0.2731    -0.18121183
  0.2733    -0.18050957
  0.2734    -0.17981002
  0.2736    -0.17911315
  0.2737    -0.17841895
  0.2738    -0.17772743
  0.2740    -0.17703856
  0.2741    -0.17635233
  0.2743    -0.17566874
  0.2744    -0.17498778
  0.2746    -0.17430944
  0.2747    -0.17363370
  0.2749    -0.17296056
  0.2750    -0.17229001
  0.2752    -0.17162203
  0.2753    -0.17095663
  0.2755    -0.17029378
  0.2756    -0.16963347
  0.2758    -0.16897571
  0.2759    -0.16832048
  0.2761    -0.16766776
  0.2762    -0.16701756
  0.2764    -0.16636985
  0.2765    -0.16572464
  0.2766    -0.16508191
  0.2768    -0.16444165
  0.2769    -0.16380385
  0.2771    -0.16316851
  0.2772    -0.16253561
  0.2774    -0.16190515
  0.2775    -0.16127711
  0.2777    -0.16065149
  0.2778    -0.16002828
  0.2780    -0.15940746
  0.2781    -0.15878904
  0.2783    -0.15817299
  0.2784    -0.15755932
  0.2786    -0.15694800
  0.2787    -0.15633905
  0.2789    -0.15573243
  0.2790    -0.15512815
  0.2792    -0.15452620
  0.2793    -0.15392657
  0.2795    -0.15332924
  0.2796    -0.15273422
  0.2797    -0.15214149
  0.2799    -0.15155104
  0.2800    -0.15096286
  0.2802    -0.15037695
  0.2803    -0.14979330
  0.2805    -0.14921189
  0.2806    -0.14863273
  0.2808    -0.14805580
  0.2809    -0.14748109
  0.2811    -0.14690859
  0.2812    -0.14633830
  0.2814    -0.14577021
  0.2815    -0.14520431
  0.2817    -0.14464059
  0.2818    -0.14407904
  0.2820    -0.14351966
  0.2821    -0.14296243
  0.2823    -0.14240735
  0.2824    -0.14185441
  0.2826    -0.14130361
  0.2827    -0.14075492
  0.2828    -0.14020836
  0.2830    -0.13966390
  0.2831    -0.13912154
  0.2833    -0.13858127
  0.2834    -0.13804308
  0.2836    -0.13750697
  0.2837    -0.13697293
  0.2839    -0.13644095
  0.2840    -0.13591102
  0.2842    -0.13538314
  0.2843    -0.13485729
  0.2845    -0.13433347
  0.2846    -0.13381168
  0.2848    -0.13329189
  0.2849    -0.13277411
  0.2851    -0.13225833
  0.2852    -0.13174454
  0.2854    -0.13123274
  0.2855    -0.13072291
  0.2856    -0.13021504
  0.2858    -0.12970914
  0.2859    -0.12920519
  0.2861    -0.12870319
  0.2862    -0.12820312
  0.2864    -0.12770498
  0.2865    -0.12720877
  0.2867    -0.12671448
  0.2868    -0.12622209
  0.2870    -0.12573160
  0.2871    -0.12524301
  0.2873    -0.12475630
  0.2874    -0.12427148
  0.2876    -0.12378853
  0.2877    -0.12330744
  0.2879    -0.12282821
  0.2880    -0.12235083
  0.2882    -0.12187530
  0.2883    -0.12140160
  0.2885    -0.12092974
  0.2886    -0.12045969
  0.2887    -0.11999147
  0.2889    -0.11952505
  0.2890    -0.11906043
  0.2892    -0.11859761
  0.2893    -0.11813658
  0.2895    -0.11767733
  0.2896    -0.11721986
  0.2898    -0.11676415
  0.2899    -0.11631021
  0.2901    -0.11585802
  0.2902    -0.11540758
  0.2904    -0.11495888
  0.2905    -0.11451191
  0.2907    -0.11406667
  0.2908    -0.11362316
  0.2910    -0.11318135
  0.2911    -0.11274126
  0.2913    -0.11230287
  0.2914    -0.11186617
  0.2916    -0.11143117
  0.2917    -0.11099784
  0.2918    -0.11056619
  0.2920    -0.11013621
  0.2921    -0.10970789
  0.2923    -0.10928123
  0.2924    -0.10885623
  0.2926    -0.10843286
  0.2927    -0.10801113
  0.2929    -0.10759104
  0.2930    -0.10717257
  0.2932    -0.10675571
  0.2933    -0.10634048
  0.2935    -0.10592684
  0.2936    -0.10551481
  0.2938    -0.10510437
  0.2939    -0.10469553
  0.2941    -0.10428826
  0.2942    -0.10388257
  0.2944    -0.10347845
  0.2945    -0.10307589
  0.2947    -0.10267489
  0.2948    -0.10227545
  0.2949    -0.10187755
  0.2951    -0.10148119
  0.2952    -0.10108637
  0.2954    -0.10069307
  0.2955    -0.10030130
  0.2957    -0.09991104
  0.2958    -0.09952229
  0.2960    -0.09913505
  0.2961    -0.09874931
  0.2963    -0.09836506
  0.2964    -0.09798230
  0.2966    -0.09760103
  0.2967    -0.09722123
  0.2969    -0.09684290
  0.2970    -0.09646603
  0.2972    -0.09609063
  0.2973    -0.09571668
  0.2975    -0.09534417
  0.2976    -0.09497311
  0.2977    -0.09460349
  0.2979    -0.09423530
  0.2980    -0.09386854
  0.2982    -0.09350320
  0.2983    -0.09313927
  0.2985    -0.09277675
  0.2986    -0.09241564
  0.2988    -0.09205592
  0.2989    -0.09169760
  0.2991    -0.09134067
  0.2992    -0.09098512
  0.2994    -0.09063095
  0.2995    -0.09027816
  0.2997    -0.08992673
  0.2998    -0.08957666
  0.3000    -0.08922795
  0.3001    -0.08888059
  0.3003    -0.08853457
  0.3004    -0.08818990
  0.3006    -0.08784656
  0.3007    -0.08750456
  0.3008    -0.08716388
  0.3010    -0.08682452
  0.3011    -0.08648648
  0.3013    -0.08614974
  0.3014    -0.08581432
  0.3016    -0.08548019
  0.3017    -0.08514736
  0.3019    -0.08481582
  0.3020    -0.08448556
  0.3022    -0.08415659
  0.3023    -0.08382889
  0.3025    -0.08350246
  0.3026    -0.08317730
  0.3028    -0.08285340
  0.3029    -0.08253075
  0.3031    -0.08220936
  0.3032    -0.08188921
  0.3034    -0.08157031
  0.3035    -0.08125264
  0.3037    -0.08093621
  0.3038    -0.08062100
  0.3039    -0.08030701
  0.3041    -0.07999425
  0.3042    -0.07968269
  0.3044    -0.07937235
  0.3045    -0.07906321
  0.3047    -0.07875526
  0.3048    -0.07844852
  0.3050    -0.07814296
  0.3051    -0.07783859
  0.3053    -0.07753540
  0.3054    -0.07723338
  0.3056    -0.07693254
  0.3057    -0.07663287
  0.3059    -0.07633436
  0.3060    -0.07603701
  0.3062    -0.07574081
  0.3063    -0.07544576
  0.3065    -0.07515185
  0.3066    -0.07485909
  0.3067    -0.07456746
  0.3069    -0.07427697
  0.3070    -0.07398760
  0.3072    -0.07369936
  0.3073    -0.07341223
  0.3075    -0.07312622
  0.3076    -0.07284132
  0.3078    -0.07255753
  0.3079    -0.07227483
  0.3081    -0.07199324
  0.3082    -0.07171274
  0.3084    -0.07143333
  0.3085    -0.07115500
  0.3087    -0.07087775
  0.3088    -0.07060158
  0.3090    -0.07032648
  0.3091    -0.07005245
  0.3093    -0.06977949
  0.3094    -0.06950758
  0.3096    -0.06923673
  0.3097    -0.06896694
  0.3098    -0.06869819
  0.3100    -0.06843048
  0.3101    -0.06816381
  0.3103    -0.06789818
  0.3104    -0.06763358
  0.3106    -0.06737001
  0.3107    -0.06710746
  0.3109    -0.06684594
  0.3110    -0.06658543
  0.3112    -0.06632593
  0.3113    -0.06606743
  0.3115    -0.06580995
  0.3116    -0.06555346
  0.3118    -0.06529797
  0.3119    -0.06504347
  0.3121    -0.06478996
  0.3122    -0.06453744
  0.3124    -0.06428589
  0.3125    -0.06403533
  0.3127    -0.06378574
  0.3128    -0.06353711
  0.3129    -0.06328946
  0.3131    -0.06304276
  0.3132    -0.06279703
  0.3134    -0.06255225
  0.3135    -0.06230842
  0.3137    -0.06206554
  0.3138    -0.06182360
  0.3140    -0.06158260
  0.3141    -0.06134254
  0.3143    -0.06110341
  0.3144    -0.06086522
  0.3146    -0.06062794
  0.3147    -0.06039159
  0.3149    -0.06015616
  0.3150    -0.05992165
  0.3152    -0.05968804
  0.3153    -0.05945534
  0.3155    -0.05922355
  0.3156    -0.05899266
  0.3157    -0.05876267
  0.3159    -0.05853357
  0.3160    -0.05830536
  0.3162    -0.05807804
  0.3163    -0.05785160
  0.3165    -0.05762604
  0.3166    -0.05740136
  0.3168    -0.05717756
  0.3169    -0.05695462
  0.3171    -0.05673255
  0.3172    -0.05651134
  0.3174    -0.05629100
  0.3175    -0.05607151
  0.3177    -0.05585287
  0.3178    -0.05563509
  0.3180    -0.05541815
  0.3181    -0.05520205
  0.3183    -0.05498680
  0.3184    -0.05477238
  0.3186    -0.05455880
  0.3187    -0.05434605
  0.3188    -0.05413412
  0.3190    -0.05392302
  0.3191    -0.05371274
  0.3193    -0.05350328
  0.3194    -0.05329463
  0.3196    -0.05308679
  0.3197    -0.05287977
  0.3199    -0.05267354
  0.3200    -0.05246812
  0.3202    -0.05226350
  0.3203    -0.05205968
  0.3205    -0.05185664
  0.3206    -0.05165440
  0.3208    -0.05145295
  0.3209    -0.05125228
  0.3211    -0.05105238
  0.3212    -0.05085327
  0.3214    -0.05065493
  0.3215    -0.05045737
  0.3217    -0.05026057
  0.3218    -0.05006453
  0.3219    -0.04986926
  0.3221    -0.04967475
  0.3222    -0.04948100
  0.3224    -0.04928800
  0.3225    -0.04909575
  0.3227    -0.04890425
  0.3228    -0.04871350
  0.3230    -0.04852349
  0.3231    -0.04833421
  0.3233    -0.04814568
  0.3234    -0.04795787
  0.3236    -0.04777080
  0.3237    -0.04758446
  0.3239    -0.04739884
  0.3240    -0.04721394
  0.3242    -0.04702976
  0.3243    -0.04684630
  0.3245    -0.04666356
  0.3246    -0.04648152
  0.3248    -0.04630020
  0.3249    -0.04611958
  0.3250    -0.04593966
  0.3252    -0.04576044
  0.3253    -0.04558192
  0.3255    -0.04540410
  0.3256    -0.04522696
  0.3258    -0.04505052
  0.3259    -0.04487477
  0.3261    -0.04469969
  0.3262    -0.04452530
  0.3264    -0.04435159
  0.3265    -0.04417856
  0.3267    -0.04400620
  0.3268    -0.04383451
  0.3270    -0.04366348
  0.3271    -0.04349313
  0.3273    -0.04332343
  0.3274    -0.04315440
  0.3276    -0.04298603
  0.3277    -0.04281831
  0.3278    -0.04265124
  0.3280    -0.04248483
  0.3281    -0.04231906
  0.3283    -0.04215394
  0.3284    -0.04198946
  0.3286    -0.04182562
  0.3287    -0.04166242
  0.3289    -0.04149986
  0.3290    -0.04133793
  0.3292    -0.04117663
  0.3293    -0.04101595
  0.3295    -0.04085591
  0.3296    -0.04069648
  0.3298    -0.04053768
  0.3299    -0.04037950
  0.3301    -0.04022193
  0.3302    -0.04006497
  0.3304    -0.03990863
  0.3305    -0.03975290
  0.3307    -0.03959777
  0.3308    -0.03944324
  0.3309    -0.03928932
  0.3311    -0.03913600
  0.3312    -0.03898327
  0.3314    -0.03883114
  0.3315    -0.03867961
  0.3317    -0.03852866
  0.3318    -0.03837830
  0.3320    -0.03822853
  0.3321    -0.03807934
  0.3323    -0.03793073
  0.3324    -0.03778270
  0.3326    -0.03763524
  0.3327    -0.03748836
  0.3329    -0.03734206
  0.3330    -0.03719632
  0.3332    -0.03705115
  0.3333    -0.03690655
  0.3335    -0.03676251
  0.3336    -0.03661903
  0.3338    -0.03647611
  0.3339    -0.03633374
  0.3340    -0.03619193
  0.3342    -0.03605068
  0.3343    -0.03590997
  0.3345    -0.03576981
  0.3346    -0.03563020
  0.3348    -0.03549113
  0.3349    -0.03535261
  0.3351    -0.03521462
  0.3352    -0.03507717
  0.3354    -0.03494026
  0.3355    -0.03480388
  0.3357    -0.03466803
  0.3358    -0.03453272
  0.3360    -0.03439793
  0.3361    -0.03426366
  0.3363    -0.03412992
  0.3364    -0.03399670
  0.3366    -0.03386399
  0.3367    -0.03373181
  0.3368    -0.03360014
  0.3370    -0.03346898
  0.3371    -0.03333834
  0.3373    -0.03320820
  0.3374    -0.03307857
  0.3376    -0.03294944
  0.3377    -0.03282082
  0.3379    -0.03269270
  0.3380    -0.03256508
  0.3382    -0.03243796
  0.3383    -0.03231133
  0.3385    -0.03218520
  0.3386    -0.03205956
  0.3388    -0.03193440
  0.3389    -0.03180974
  0.3391    -0.03168556
  0.3392    -0.03156187
  0.3394    -0.03143865
  0.3395    -0.03131592
  0.3397    -0.03119367
  0.3398    -0.03107189
  0.3399    -0.03095059
  0.3401    -0.03082976
  0.3402    -0.03070940
  0.3404    -0.03058951
  0.3405    -0.03047009
  0.3407    -0.03035113
  0.3408    -0.03023264
  0.3410    -0.03011461
  0.3411    -0.02999703
  0.3413    -0.02987992
  0.3414    -0.02976327
  0.3416    -0.02964706
  0.3417    -0.02953132
  0.3419    -0.02941602
  0.3420    -0.02930117
  0.3422    -0.02918677
  0.3423    -0.02907282
  0.3425    -0.02895931
  0.3426    -0.02884624
  0.3428    -0.02873362
  0.3429    -0.02862143
  0.3430    -0.02850968
  0.3432    -0.02839837
  0.3433    -0.02828749
  0.3435    -0.02817704
  0.3436    -0.02806702
  0.3438    -0.02795743
  0.3439    -0.02784827
  0.3441    -0.02773954
  0.3442    -0.02763123
  0.3444    -0.02752334
  0.3445    -0.02741587
  0.3447    -0.02730882
  0.3448    -0.02720219
  0.3450    -0.02709598
  0.3451    -0.02699018
  0.3453    -0.02688479
  0.3454    -0.02677981
  0.3456    -0.02667524
  0.3457    -0.02657108
  0.3458    -0.02646733
  0.3460    -0.02636398
  0.3461    -0.02626103
  0.3463    -0.02615848
  0.3464    -0.02605634
  0.3466    -0.02595459
  0.3467    -0.02585324
  0.3469    -0.02575229
  0.3470    -0.02565173
  0.3472    -0.02555156
  0.3473    -0.02545178
  0.3475    -0.02535239
  0.3476    -0.02525339
  0.3478    -0.02515477
  0.3479    -0.02505654
  0.3481    -0.02495870
  0.3482    -0.02486123
  0.3484    -0.02476414
  0.3485    -0.02466744
  0.3487    -0.02457111
  0.3488    -0.02447515
  0.3489    -0.02437957
  0.3491    -0.02428437
  0.3492    -0.02418953
  0.3494    -0.02409507
  0.3495    -0.02400097
  0.3497    -0.02390724
  0.3498    -0.02381387
  0.3500    -0.02372087
  0.3501    -0.02362824
  0.3503    -0.02353596
  0.3504    -0.02344404
  0.3506    -0.02335249
  0.3507    -0.02326129
  0.3509    -0.02317044
  0.3510    -0.02307995
  0.3512    -0.02298981
  0.3513    -0.02290003
  0.3515    -0.02281059
  0.3516    -0.02272151
  0.3518    -0.02263277
  0.3519    -0.02254437
  0.3520    -0.02245633
  0.3522    -0.02236862
  0.3523    -0.02228126
  0.3525    -0.02219424
  0.3526    -0.02210756
  0.3528    -0.02202121
  0.3529    -0.02193520
  0.3531    -0.02184953
  0.3532    -0.02176420
  0.3534    -0.02167919
  0.3535    -0.02159452
  0.3537    -0.02151018
  0.3538    -0.02142616
  0.3540    -0.02134248
  0.3541    -0.02125912
  0.3543    -0.02117609
  0.3544    -0.02109338
  0.3546    -0.02101099
  0.3547    -0.02092893
  0.3549    -0.02084718
  0.3550    -0.02076575
  0.3551    -0.02068465
  0.3553    -0.02060385
  0.3554    -0.02052338
  0.3556    -0.02044322
  0.3557    -0.02036337
  0.3559    -0.02028383
  0.3560    -0.02020460
  0.3562    -0.02012568
  0.3563    -0.02004707
  0.3565    -0.01996877
  0.3566    -0.01989077
  0.3568    -0.01981307
  0.3569    -0.01973568
  0.3571    -0.01965859
  0.3572    -0.01958181
  0.3574    -0.01950532
  0.3575    -0.01942913
  0.3577    -0.01935323
  0.3578    -0.01927764
  0.3579    -0.01920234
  0.3581    -0.01912733
  0.3582    -0.01905261
  0.3584    -0.01897819
  0.3585    -0.01890406
  0.3587    -0.01883022
  0.3588    -0.01875666
  0.3590    -0.01868339
  0.3591    -0.01861041
  0.3593    -0.01853771
  0.3594    -0.01846530
  0.3596    -0.01839317
  0.3597    -0.01832132
  0.3599    -0.01824975
  0.3600    -0.01817846
  0.3602    -0.01810745
  0.3603    -0.01803671
  0.3605    -0.01796625
  0.3606    -0.01789607
  0.3608    -0.01782616
  0.3609    -0.01775653
  0.3610    -0.01768716
  0.3612    -0.01761807
  0.3613    -0.01754924
  0.3615    -0.01748069
  0.3616    -0.01741240
  0.3618    -0.01734438
  0.3619    -0.01727662
  0.3621    -0.01720913
  0.3622    -0.01714190
  0.3624    -0.01707494
  0.3625    -0.01700823
  0.3627    -0.01694179
  0.3628    -0.01687560
  0.3630    -0.01680968
  0.3631    -0.01674401
  0.3633    -0.01667860
  0.3634    -0.01661344
  0.3636    -0.01654854
  0.3637    -0.01648389
  0.3639    -0.01641949
  0.3640    -0.01635534
  0.3641    -0.01629145
  0.3643    -0.01622780
  0.3644    -0.01616440
  0.3646    -0.01610125
  0.3647    -0.01603835
  0.3649    -0.01597569
  0.3650    -0.01591328
  0.3652    -0.01585111
  0.3653    -0.01578918
  0.3655    -0.01572750
  0.3656    -0.01566605
  0.3658    -0.01560485
  0.3659    -0.01554388
  0.3661    -0.01548315
  0.3662    -0.01542266
  0.3664    -0.01536241
  0.3665    -0.01530239
  0.3667    -0.01524261
  0.3668    -0.01518305
  0.3669    -0.01512374
  0.3671    -0.01506465
  0.3672    -0.01500579
  0.3674    -0.01494716
  0.3675    -0.01488877
  0.3677    -0.01483060
  0.3678    -0.01477265
  0.3680    -0.01471494
  0.3681    -0.01465745
  0.3683    -0.01460018
  0.3684    -0.01454314
  0.3686    -0.01448631
  0.3687    -0.01442972
  0.3689    -0.01437334
  0.3690    -0.01431718
  0.3692    -0.01426124
  0.3693    -0.01420552
  0.3695    -0.01415002
  0.3696    -0.01409473
  0.3698    -0.01403966
  0.3699    -0.01398481
  0.3700    -0.01393017
  0.3702    -0.01387574
  0.3703    -0.01382153
  0.3705    -0.01376752
  0.3706    -0.01371373
  0.3708    -0.01366015
  0.3709    -0.01360678
  0.3711    -0.01355361
  0.3712    -0.01350065
  0.3714    -0.01344790
  0.3715    -0.01339536
  0.3717    -0.01334302
  0.3718    -0.01329089
  0.3720    -0.01323896
  0.3721    -0.01318723
  0.3723    -0.01313570
  0.3724    -0.01308438
  0.3726    -0.01303325
  0.3727    -0.01298233
  0.3729    -0.01293160
  0.3730    -0.01288107
  0.3731    -0.01283074
  0.3733    -0.01278061
  0.3734    -0.01273067
  0.3736    -0.01268092
  0.3737    -0.01263137
  0.3739    -0.01258202
  0.3740    -0.01253286
  0.3742    -0.01248388
  0.3743    -0.01243510
  0.3745    -0.01238652
  0.3746    -0.01233812
  0.3748    -0.01228991
  0.3749    -0.01224188
  0.3751    -0.01219405
  0.3752    -0.01214640
  0.3754    -0.01209894
  0.3755    -0.01205166
  0.3757    -0.01200457
  0.3758    -0.01195766
  0.3759    -0.01191094
  0.3761    -0.01186439
  0.3762    -0.01181803
  0.3764    -0.01177185
  0.3765    -0.01172586
  0.3767    -0.01168004
  0.3768    -0.01163440
  0.3770    -0.01158893
  0.3771    -0.01154365
  0.3773    -0.01149854
  0.3774    -0.01145361
  0.3776    -0.01140885
  0.3777    -0.01136427
  0.3779    -0.01131986
  0.3780    -0.01127563
  0.3782    -0.01123157
  0.3783    -0.01118768
  0.3785    -0.01114396
  0.3786    -0.01110041
  0.3788    -0.01105704
  0.3789    -0.01101383
  0.3790    -0.01097079
  0.3792    -0.01092792
  0.3793    -0.01088522
  0.3795    -0.01084268
  0.3796    -0.01080031
  0.3798    -0.01075811
  0.3799    -0.01071607
  0.3801    -0.01067419
  0.3802    -0.01063248
  0.3804    -0.01059093
  0.3805    -0.01054954
  0.3807    -0.01050832
  0.3808    -0.01046725
  0.3810    -0.01042635
  0.3811    -0.01038560
  0.3813    -0.01034502
  0.3814    -0.01030459
  0.3816    -0.01026432
  0.3817    -0.01022421
  0.3819    -0.01018426
  0.3820    -0.01014446
  0.3821    -0.01010482
  0.3823    -0.01006533
  0.3824    -0.01002599
  0.3826    -0.00998681
  0.3827    -0.00994779
  0.3829    -0.00990891
  0.3830    -0.00987019
  0.3832    -0.00983162
  0.3833    -0.00979319
  0.3835    -0.00975492
  0.3836    -0.00971680
  0.3838    -0.00967883
  0.3839    -0.00964101
  0.3841    -0.00960333
  0.3842    -0.00956580
  0.3844    -0.00952842
  0.3845    -0.00949118
  0.3847    -0.00945409
  0.3848    -0.00941714
  0.3850    -0.00938034
  0.3851    -0.00934368
  0.3852    -0.00930717
  0.3854    -0.00927079
  0.3855    -0.00923456
  0.3857    -0.00919847
  0.3858    -0.00916253
  0.3860    -0.00912672
  0.3861    -0.00909105
  0.3863    -0.00905552
  0.3864    -0.00902013
  0.3866    -0.00898488
  0.3867    -0.00894977
  0.3869    -0.00891479
  0.3870    -0.00887995
  0.3872    -0.00884525
  0.3873    -0.00881068
  0.3875    -0.00877625
  0.3876    -0.00874195
  0.3878    -0.00870778
  0.3879    -0.00867375
  0.3880    -0.00863985
  0.3882    -0.00860609
  0.3883    -0.00857245
  0.3885    -0.00853895
  0.3886    -0.00850558
  0.3888    -0.00847234
  0.3889    -0.00843923
  0.3891    -0.00840625
  0.3892    -0.00837339
  0.3894    -0.00834067
  0.3895    -0.00830807
  0.3897    -0.00827560
  0.3898    -0.00824326
  0.3900    -0.00821104
  0.3901    -0.00817895
  0.3903    -0.00814699
  0.3904    -0.00811515
  0.3906    -0.00808343
  0.3907    -0.00805184
  0.3909    -0.00802037
  0.3910    -0.00798902
  0.3911    -0.00795780
  0.3913    -0.00792670
  0.3914    -0.00789572
  0.3916    -0.00786486
  0.3917    -0.00783412
  0.3919    -0.00780350
  0.3920    -0.00777301
  0.3922    -0.00774263
  0.3923    -0.00771237
  0.3925    -0.00768222
  0.3926    -0.00765220
  0.3928    -0.00762229
  0.3929    -0.00759250
  0.3931    -0.00756283
  0.3932    -0.00753327
  0.3934    -0.00750383
  0.3935    -0.00747450
  0.3937    -0.00744529
  0.3938    -0.00741619
  0.3940    -0.00738720
  0.3941    -0.00735833
  0.3942    -0.00732957
  0.3944    -0.00730092
  0.3945    -0.00727239
  0.3947    -0.00724397
  0.3948    -0.00721565
  0.3950    -0.00718745
  0.3951    -0.00715936
  0.3953    -0.00713138
  0.3954    -0.00710351
  0.3956    -0.00707574
  0.3957    -0.00704809
  0.3959    -0.00702054
  0.3960    -0.00699310
  0.3962    -0.00696577
  0.3963    -0.00693854
  0.3965    -0.00691142
  0.3966    -0.00688441
  0.3968    -0.00685750
  0.3969    -0.00683070
  0.3970    -0.00680400
  0.3972    -0.00677741
  0.3973    -0.00675092
  0.3975    -0.00672453
  0.3976    -0.00669825
  0.3978    -0.00667207
  0.3979    -0.00664599
  0.3981    -0.00662002
  0.3982    -0.00659414
  0.3984    -0.00656837
  0.3985    -0.00654270
  0.3987    -0.00651712
  0.3988    -0.00649165
  0.3990    -0.00646628
  0.3991    -0.00644101
  0.3993    -0.00641583
  0.3994    -0.00639075
  0.3996    -0.00636578
  0.3997    -0.00634089
  0.3999    -0.00631611
  0.4000    -0.00629142
